-2.540 1.764 0.049
7.518 0.090 42.430
5.140 0.589 2.198
4.363 1.105 18.883
-0.766 -0.615 1.148
0.089 -5.173 -21.073
4.849 0.079 26.985
3.693 2.007 6.787
3.545 2.207 8.383
-3.339 -2.675 4.030
2.053 -7.536 -61.294
12.168 1.193 138.315
2.792 -4.305 -5.380
-5.533 0.285 29.089
-1.413 -1.263 0.172
-0.427 -1.298 -0.205
0.690 -1.930 -2.567
1.567 2.433 -0.947
3.278 2.944 -1.369
14.086 16.616 -18.416
-13.471 -3.993 149.521
-1.147 -3.996 -13.675
0.252 5.782 -32.518
-6.757 2.587 34.507
2.544 -4.098 -6.859
6.330 -1.263 41.530
3.464 -3.781 -35.576
-14.193 -8.777 -6.151
-1.062 -1.855 -6.500
-5.851 2.307 7.514
-5.664 -3.302 17.394
1.467 -3.854 -2.918
-3.301 0.258 14.612
-7.300 -0.066 28.619
-8.365 1.201 72.545
-5.075 6.161 -2.360
3.963 1.238 17.419
3.518 1.321 11.599
-10.736 -1.446 57.171
8.357 -2.494 67.058
8.084 -6.419 23.513
-3.014 -1.828 6.962
8.988 2.607 83.774
2.761 -4.353 -12.104
-1.470 -0.463 2.892
-1.713 0.601 4.014
7.369 6.623 -20.601
-3.597 1.232 14.197
2.534 -0.171 2.640
0.668 1.621 -1.229
7.033 -2.580 51.189
3.228 2.559 6.135
1.855 0.686 3.990
-4.492 1.829 21.362
1.803 1.959 -1.286
6.772 -2.583 42.251
-4.074 4.671 -10.473
2.004 -4.144 -8.824
0.683 1.279 6.846
1.550 3.595 -8.534
1.540 6.428 -38.811
3.892 -0.922 -1.752
0.922 5.221 -23.624
-0.333 -1.220 0.249
1.048 6.910 -38.940
1.051 -1.611 -1.326
-3.612 -0.864 13.226
-5.145 -1.466 31.172
-0.627 -7.406 -53.448
-4.488 4.393 4.918
-1.783 1.899 2.435
1.430 1.838 0.663
-1.349 4.697 -20.210
-5.195 -3.953 9.128
-4.514 0.490 15.018
-6.591 -0.617 44.686
-6.980 6.277 -38.014
6.869 -3.385 39.916
-6.777 -0.170 54.582
-1.099 -5.743 -30.838
2.453 9.136 -75.535
-3.852 -6.911 -24.166
0.988 -12.481 -154.303
-1.652 0.136 2.982
0.510 3.446 -8.424
-0.641 1.314 0.760
1.983 -1.481 -3.115
-1.750 -0.585 3.599
4.875 3.613 12.557
1.247 2.521 -5.635
-2.143 -0.739 7.623
-2.569 1.931 7.639
5.558 1.958 27.966
-1.898 -3.368 0.785
-3.200 0.767 9.963
-3.407 8.613 -60.603
-1.688 5.336 -24.684
3.285 6.321 -21.136
1.086 -7.106 -13.748
49.775 14.350 248.027
1.083 1.818 -5.799
2.762 0.228 8.220
20.786 -7.379 -39.157
-6.760 -3.174 38.272
-1.922 1.408 1.827
-1.517 -5.688 -32.008
-2.156 0.650 7.633
-4.258 -1.360 26.007
4.443 7.829 -41.783
0.763 0.399 -1.654
1.861 -4.312 -12.657
2.306 1.189 5.223
0.858 -2.695 -3.596
-7.239 -1.812 46.385
0.774 -2.972 -5.675
1.780 -2.853 -4.332
-3.182 2.662 39.350
0.142 -1.292 -3.561
-1.111 0.556 -1.807
-2.318 -2.205 1.857
-2.454 -1.622 3.762
1.541 -1.681 -1.231
1.548 -0.415 -2.383
3.063 -3.770 -7.177
-8.855 -2.516 24.910
-6.251 -0.381 38.787
3.315 3.779 -3.346
-13.482 1.679 151.522
7.265 -1.778 50.843
10.449 -0.072 97.830
8.120 -2.209 30.906
5.414 0.932 30.364
3.029 4.747 -12.283
-3.173 9.904 -94.661
2.895 -5.629 -21.652
1.891 5.160 -73.191
-2.045 -3.893 -6.879
-0.502 6.865 -59.843
-3.191 0.591 11.846
-0.439 2.965 -7.680
5.630 -1.698 30.961
-0.419 3.809 -9.824
-3.397 -12.108 -132.634
-11.797 -4.938 117.046
1.943 -5.736 -23.290
3.211 4.525 -8.987
-3.996 -0.577 16.591
-4.666 1.204 24.027
0.444 -2.464 -4.306
1.964 -0.917 14.540
22.417 -3.813 -7.826
1.313 -1.865 -1.797
-2.616 -6.337 -30.971
0.182 -3.094 -13.702
-3.034 -1.146 8.917
0.767 2.326 -5.047
-1.392 -5.076 -22.861
2.382 -11.104 -115.216
-5.891 3.728 10.843
-5.182 -2.908 21.138
3.334 -1.007 12.161
0.347 -0.242 1.046
0.392 0.139 1.469
-2.806 1.260 6.959
-4.857 -1.640 21.194
-0.847 0.864 3.672
5.442 0.823 26.933
5.450 -4.942 -1.336
3.132 2.048 3.908
-1.072 -2.150 -1.309
-3.564 8.573 -68.076
0.074 1.608 -0.557
-0.110 -5.105 -24.474
-5.486 -1.802 24.398
4.209 -2.493 11.885
4.540 2.078 14.360
-0.806 -0.754 0.646
-0.049 3.650 -12.001
0.013 4.371 -20.390
-8.414 -1.915 64.867
0.009 -7.569 -18.993
2.867 -0.477 8.132
0.021 -1.029 -0.047
4.073 -2.640 8.497
2.372 -3.974 -11.709
2.885 -0.931 6.896
-2.018 -0.293 12.104
2.120 6.869 -18.583
3.813 1.713 14.112
4.656 0.616 22.283
6.600 3.742 30.482
-2.697 5.297 -16.605
-3.109 -1.989 6.317
-2.102 2.859 -2.803
1.475 0.200 2.715
-3.140 -4.574 -10.520
-7.841 3.019 43.081
1.394 -6.240 -35.759
-1.286 -0.551 2.291
-3.724 1.931 8.456
-0.058 -0.865 0.126
6.113 2.563 30.910
-1.119 -4.917 -33.034
-0.401 11.617 -113.045
-6.571 2.536 23.352
5.547 0.521 32.454
6.268 13.555 50.326
4.084 -0.511 17.872
-2.773 -1.700 2.228
8.877 -1.435 -7.168
1.126 1.636 -3.254
-4.826 -3.443 14.199
1.541 -0.755 3.478
1.304 8.584 -71.692
1.930 -6.129 -27.826
-0.743 -0.299 -67.445
6.860 1.803 7.104
2.772 1.577 5.313
5.455 1.017 29.745
24.528 97.086 7.940
0.132 2.265 -2.854
5.376 -2.002 30.257
-9.901 6.387 65.468
1.546 1.261 0.088
-2.603 0.424 2.355
-2.531 -2.154 0.210
-4.356 -1.781 10.216
-1.471 9.710 -67.125
7.363 0.356 55.092
-2.957 -3.946 -5.880
-6.193 0.759 -2.964
0.033 3.780 -13.120
-3.993 -11.809 -91.443
-6.499 3.195 5.410
-1.857 -2.267 -0.679
10.461 1.555 105.446
4.119 4.107 3.122
-3.704 -8.302 -51.212
1.078 -4.774 -19.659
-1.493 -3.812 -3.750
-5.989 -1.756 34.294
5.122 -2.173 28.845
1.605 -0.517 1.292
1.477 -2.823 -6.500
-2.172 4.233 2.884
0.511 6.250 -37.754
-2.719 -2.048 3.805
-0.667 -2.729 -7.107
-1.211 -2.290 -2.445
9.910 8.818 23.479
9.160 -0.177 8.979
-2.383 -1.608 1.232
3.845 0.511 14.621
1.682 -3.710 -10.766
0.655 -3.839 -14.307
-3.849 1.181 14.752
1.532 0.944 3.249
3.415 3.160 0.733
-3.547 -3.169 3.554
-1.300 5.809 -27.608
3.908 -0.492 9.621
-3.286 -9.794 1.910
-2.949 1.145 18.664
0.657 -3.344 -9.766
-1.386 0.716 -0.980
5.917 -2.339 34.219
-1.078 -1.690 -0.848
-8.846 5.506 57.676
2.028 -0.589 4.536
-0.660 0.660 3.605
1.484 1.327 4.607
2.614 1.229 6.856
-5.272 0.716 29.702
-3.447 6.023 -23.848
-1.904 -0.488 3.377
-0.430 -3.625 -23.436
-1.897 14.335 -190.302
-1.555 -1.703 1.900
1.539 -4.981 -23.692
-1.982 4.833 -21.449
3.958 -0.140 14.535
4.382 4.272 1.504
5.962 -1.528 30.713
37.101 6.212 48.889
-0.989 -4.650 -21.308
2.078 0.019 7.215
1.978 0.397 4.045
0.734 -0.027 1.753
4.189 8.476 -64.839
-0.547 2.762 -12.179
-2.379 -5.847 -24.444
-2.811 1.568 6.810
3.568 -0.723 14.343
-5.095 -0.584 27.705
1.276 -6.840 -47.992
-0.322 7.106 -44.156
8.939 -5.705 43.805
-2.742 3.807 9.360
1.363 0.121 1.199
2.491 -4.403 -23.105
1.206 9.275 16.678
0.309 -2.352 -5.531
1.511 -3.116 -8.189
-6.904 -1.176 -3.237
-0.745 5.261 -21.936
7.313 7.988 -39.665
5.446 -2.217 24.337
4.464 -4.658 -0.505
-0.127 -0.766 13.144
6.177 -0.156 38.707
1.924 -0.566 5.008
4.843 4.563 6.421
-5.356 -0.824 25.834
5.505 1.582 27.187
12.679 7.235 6.612
-2.857 2.773 1.573
3.840 -2.394 15.467
2.039 -6.657 -34.600
5.016 -7.862 -22.245
-2.326 -5.060 -19.828
4.631 -4.052 -10.458
-1.731 -6.498 -32.202
0.945 -4.167 -15.816
6.312 -2.296 33.666
77.838 81.489 52.484
-4.049 0.478 10.515
-4.543 0.501 21.888
-4.201 -23.411 -14.512
3.866 1.749 12.041
-3.239 -0.735 10.785
2.532 -8.831 -70.084
-3.162 -4.605 -4.907
3.435 -6.380 -43.752
5.629 -41.900 52.449
4.771 4.888 -11.680
2.749 -5.866 -33.254
-5.427 -3.426 16.606
5.164 4.633 5.470
-2.438 8.534 -65.020
-5.025 1.871 20.477
3.090 -1.245 7.819
-10.357 4.297 103.452
2.670 2.052 4.232
5.563 4.146 15.497
-3.636 -0.421 13.663
-5.462 -4.525 11.440
-21.480 -8.944 -13.104
-8.035 -1.536 63.151
-3.506 -1.720 10.238
0.170 -3.686 -7.592
-10.478 6.325 67.157
-4.761 -4.024 32.632
1.234 -1.141 1.701
-4.793 8.401 -55.020
-4.757 5.201 3.532
4.576 1.201 20.105
-1.916 0.713 3.107
-7.435 -4.176 39.262
-5.923 -7.754 -29.314
2.005 -7.589 -50.799
0.840 1.982 11.104
1.468 -1.840 0.492
0.815 -2.461 -4.936
4.199 -1.447 13.384
-0.036 1.604 -0.199
6.185 0.643 40.421
8.364 0.565 63.028
-5.925 -3.350 26.079
-2.892 -5.564 -23.194
-6.237 -8.416 17.752
4.777 -4.042 13.630
-6.436 -4.888 18.530
-5.932 0.086 35.287
1.718 7.452 -46.470
-4.391 1.768 14.118
1.964 -0.211 10.059
3.748 -1.748 -7.393
1.067 4.213 -16.810
-0.032 -0.247 0.102
-7.364 -5.094 24.493
-4.080 -2.222 10.843
3.608 0.469 8.453
-15.365 -9.262 -2.859
-1.530 -2.058 3.470
1.506 -0.762 1.964
-2.148 5.797 -21.353
1.605 -0.179 3.834
-3.062 -1.230 11.232
-2.138 -3.725 -6.290
2.015 2.036 5.457
0.959 5.903 -11.490
2.254 20.195 -36.171
2.107 5.151 1.298
0.864 0.543 1.459
5.967 -0.695 35.864
-2.518 -1.817 1.323
8.715 2.022 69.521
4.430 3.777 2.105
1.828 14.074 -160.268
3.539 -2.552 19.911
-1.384 -0.927 0.802
0.993 -4.012 -14.100
7.504 5.161 26.218
1.115 1.048 1.124
3.506 -8.700 -63.995
0.122 -2.490 -4.899
-4.137 -3.783 6.234
5.447 1.240 26.100
-1.506 4.593 46.929
7.785 7.027 11.381
-4.619 7.152 -40.708
0.293 -0.145 1.198
1.690 -5.406 -25.386
0.137 6.922 -14.730
-7.790 2.781 48.409
-0.335 -25.687 -18.576
-0.348 7.169 -49.489
-2.442 8.160 -50.439
1.279 6.876 24.848
-1.042 -4.702 -33.514
-2.714 -5.599 -23.193
-2.533 -0.678 3.960
-2.615 4.087 -2.420
10.105 5.991 44.282
9.914 -9.909 78.259
-6.765 2.002 46.547
1.388 -1.072 1.844
-43.474 -40.924 -50.053
-1.769 7.280 -55.487
-0.073 2.560 -5.891
-3.933 2.088 15.652
6.677 1.552 19.873
-1.185 -0.258 1.631
0.216 -2.676 -7.120
2.682 1.397 6.315
2.121 6.269 -43.804
-6.660 2.149 44.986
5.605 15.559 -43.814
5.505 -3.546 20.647
0.645 -3.085 -14.628
-5.081 7.235 -9.636
-3.534 1.150 2.141
-2.396 13.047 -153.959
-1.034 6.249 -23.395
8.039 -3.868 73.006
1.190 2.223 -2.199
-5.944 -0.688 43.911
-4.078 -9.398 -70.429
-9.408 -0.520 89.293
-5.069 0.086 43.132
-1.965 2.629 11.798
-0.308 1.547 -4.360
6.385 -3.045 27.781
-3.666 -7.294 -34.021
-0.122 -0.814 0.348
3.124 5.872 8.509
-2.855 2.898 -1.354
3.023 1.145 7.929
6.562 2.225 39.142
-2.516 1.260 1.930
-1.535 1.525 0.793
-10.143 -0.110 105.138
-2.553 9.162 -82.045
0.780 0.491 1.199
5.940 1.229 20.941
1.255 -0.048 2.152
2.639 -2.707 7.534
-26.427 -2.849 9.198
1.207 1.474 2.215
0.525 -1.016 0.181
0.363 8.863 -77.727
-1.256 2.689 -6.389
-5.142 -2.408 21.462
-0.935 -1.709 -1.342
-2.101 4.003 -4.747
6.137 5.592 10.245
-0.338 2.610 -11.355
5.679 2.190 28.479
-0.962 1.374 2.656
-2.734 -0.849 7.892
6.152 4.892 14.698
3.055 0.253 14.485
-1.607 16.441 -290.949
-2.085 1.291 19.562
1.204 2.208 0.478
5.363 -1.543 26.654
4.010 -2.341 12.936
0.398 -0.692 -1.903
4.517 -5.645 -31.348
-3.838 -0.324 14.103
-1.028 -1.769 -1.092
2.172 -1.021 4.293
2.612 -5.600 -18.549
-4.526 4.926 26.048
-3.539 0.832 13.222
-4.820 3.138 19.980
-0.581 0.834 1.441
2.663 0.421 7.636
4.604 -3.204 11.492
4.822 0.986 39.234
